Robot location: x: 610 y: 180 theta: 200

Measurements: 
Angle		Distance		Endpoint
75			103.846			(617, 205)
77			102.84			(616, 205)
79			101.98			(615, 205)
81			101.272			(614, 205)
83			100.717			(613, 205)
85			100.319			(612, 205)
87			100.08			(611, 205)
89			100.0			(610, 205)
91			100.08			(609, 205)
93			104.077			(609, 206)
95			100.319			(608, 205)
97			100.717			(607, 205)
99			101.272			(606, 205)
101			101.98			(605, 205)
103			102.84			(604, 205)
105			103.846			(603, 205)
107			104.995			(602, 205)
109			106.283			(601, 205)
111			107.703			(600, 205)
113			109.252			(599, 205)
115			110.923			(598, 205)
117			112.712			(597, 205)
119			114.612			(596, 205)
121			116.619			(595, 205)
123			118.727			(594, 205)
125			123.223			(592, 205)
127			125.603			(591, 205)
129			128.062			(590, 205)
131			133.207			(588, 205)
133			135.882			(587, 205)
135			141.421			(585, 205)
137			147.187			(583, 205)
139			147.513			(582, 204)
141			159.298			(579, 205)
143			165.602			(577, 205)
145			683.567			(470, 278)
147			667.904			(470, 271)
149			653.067			(470, 264)
151			639.112			(470, 257)
153			627.898			(470, 251)
155			617.414			(470, 245)
157			607.697			(470, 239)
159			307.584			(538, 207)
161			317.515			(535, 206)
163			339.081			(529, 205)
165			385.206			(517, 205)
167			443.423			(502, 205)
169			517.749			(483, 205)
171			643.814			(451, 205)
173			818.134			(407, 205)
175			1120.121			(331, 204)
177			1200.0			(310, 195)
179			1200.0			(310, 185)
181			1200.0			(310, 174)
183			1200.0			(310, 164)
185			867.696			(394, 160)
187			628.611			(454, 161)
189			478.079			(492, 161)
191			407.922			(510, 160)
193			349.285			(525, 160)
195			302.761			(537, 160)
197			268.209			(546, 160)
199			241.628			(553, 160)
201			219.126			(559, 160)
203			200.639			(564, 160)
205			186.075			(568, 160)
207			175.317			(571, 160)
209			164.73			(574, 160)
211			154.35			(577, 160)
213			144.222			(580, 160)
215			137.637			(582, 160)
217			131.21			(584, 160)
219			128.062			(585, 160)
221			121.918			(587, 160)
223			118.929			(588, 160)
225			113.137			(590, 160)
227			110.345			(591, 160)
229			104.995			(593, 160)
231			102.45			(594, 160)
233			100.0			(595, 160)
235			97.652			(596, 160)
237			95.415			(597, 160)
239			93.295			(598, 160)
241			91.302			(599, 160)
243			89.443			(600, 160)
245			84.095			(601, 161)
247			95.079			(601, 158)
249			80.994			(603, 161)
251			304.867			(585, 108)
253			83.522			(604, 160)
255			82.462			(605, 160)
257			77.666			(606, 161)
259			89.443			(606, 158)
261			287.388			(599, 109)
263			290.241			(601, 108)
265			289.358			(603, 108)
267			713.123			(600, 2)
269			712.18			(606, 2)
271			712.101			(613, 2)
273			712.91			(619, 2)
275			714.871			(626, 2)
277			717.418			(632, 2)
279			720.755			(638, 2)
281			725.634			(645, 2)
283			730.644			(651, 2)
285			736.402			(657, 2)
287			518.768			(648, 56)
289			465.515			(648, 70)
291			424.17			(648, 81)
293			387.092			(648, 91)
295			357.883			(648, 99)
297			336.309			(648, 105)
299			320.525			(649, 110)
301			326.533			(652, 110)
303			332.866			(655, 110)
305			341.784			(659, 110)
307			351.204			(663, 110)
309			358.575			(666, 110)
311			371.397			(671, 110)
313			387.752			(676, 109)
315			367.696			(675, 115)
317			356.561			(675, 119)
319			343.185			(675, 124)
321			332.962			(675, 128)
323			325.601			(675, 131)
325			318.522			(675, 134)