Robot location: x: 80 y: 100 theta: 0

Measurements: 
Angle		Distance		Endpoint
-125			103.228			(65, 79)
-123			109.836			(65, 77)
-121			116.619			(65, 75)
-119			123.548			(65, 73)
-117			130.599			(65, 71)
-115			141.365			(65, 68)
-113			152.315			(65, 65)
-111			163.414			(65, 62)
-109			182.165			(65, 57)
-107			196.163			(66, 53)
-105			405.561			(54, 2)
-103			402.651			(57, 2)
-101			399.299			(61, 2)
-99			397.19			(64, 2)
-97			394.928			(68, 2)
-95			393.65			(71, 2)
-93			392.51			(75, 2)
-91			392.082			(78, 2)
-89			392.082			(82, 2)
-87			392.51			(85, 2)
-85			393.65			(89, 2)
-83			394.928			(92, 2)
-81			396.565			(95, 2)
-79			399.299			(99, 2)
-77			401.756			(102, 2)
-75			405.561			(106, 2)
-73			409.956			(110, 2)
-71			414.922			(114, 2)
-69			419.008			(117, 2)
-67			426.483			(122, 2)
-65			433.036			(126, 2)
-63			434.695			(129, 3)
-61			411.825			(130, 10)
-59			387.587			(130, 17)
-57			367.238			(130, 23)
-55			347.356			(130, 29)
-53			331.204			(130, 34)
-51			318.597			(130, 38)
-49			306.307			(130, 42)
-47			294.374			(130, 46)
-45			282.843			(130, 50)
-43			274.489			(130, 53)
-41			263.788			(130, 57)
-39			256.125			(130, 60)
-37			251.205			(130, 62)
-35			244.131			(130, 65)
-33			237.453			(130, 68)
-31			233.238			(130, 70)
-29			229.225			(130, 72)
-27			223.607			(130, 75)
-25			220.145			(130, 77)
-23			216.924			(130, 79)
-21			213.953			(130, 81)
-19			211.244			(130, 83)
-17			208.806			(130, 85)
-15			206.649			(130, 87)
-13			205.679			(130, 88)
-11			203.961			(130, 90)
-9			202.544			(130, 92)
-7			201.435			(130, 94)
-5			200.998			(130, 95)
-3			200.36			(130, 97)
-1			200.04			(130, 99)
1			200.04			(130, 101)
3			200.36			(130, 103)
5			200.639			(130, 104)
7			201.435			(130, 106)
9			202.544			(130, 108)
11			203.961			(130, 110)
13			204.783			(130, 111)
15			206.649			(130, 113)
17			208.806			(130, 115)
19			211.244			(130, 117)
21			213.953			(130, 119)
23			216.924			(130, 121)
25			220.145			(130, 123)
27			223.607			(130, 125)
29			229.225			(130, 128)
31			233.238			(130, 130)
33			237.453			(130, 132)
35			244.131			(130, 135)
37			251.205			(130, 138)
39			256.125			(130, 140)
41			263.788			(130, 143)
43			274.489			(130, 147)
45			282.843			(130, 150)
47			294.374			(130, 154)
49			300.666			(129, 157)
51			304.237			(128, 159)
53			294.401			(124, 159)
55			287.388			(121, 159)
57			280.713			(118, 159)
59			274.401			(115, 159)
61			270.407			(113, 159)
63			264.756			(110, 159)
65			259.538			(107, 159)
67			256.312			(105, 159)
69			253.298			(103, 159)
71			249.191			(100, 159)
73			246.739			(98, 159)
75			239.633			(95, 158)
77			250.344			(94, 161)
79			244.753			(92, 160)
81			424.848			(96, 205)
83			423.207			(93, 205)
85			421.54			(89, 205)
87			420.476			(85, 205)
89			420.076			(82, 205)
91			420.076			(78, 205)
93			420.685			(74, 205)
95			421.9			(70, 205)
97			423.207			(67, 205)
99			425.469			(63, 205)
101			428.318			(59, 205)
103			430.832			(56, 205)
105			587.986			(42, 242)
107			1083.121			(1, 359)
109			972.757			(1, 330)
111			882.515			(1, 306)
113			256.312			(55, 159)
115			259.538			(53, 159)
117			264.756			(50, 159)
119			270.407			(47, 159)
121			274.401			(45, 159)
123			280.713			(42, 159)
125			287.388			(39, 159)